# Molecule generated by CageSpringPath

@<TRIPOS>MOLECULE
*****
 93 92 0 0 0
SMALL
GASTEIGER

@<TRIPOS>ATOM
   1 U   0.0000   0.0000   0.0000   U
   2 P   1.5000   0.0000   0.0000   P
   3 U   13.5000   0.0000   0.0000   U
   4 P   12.0000   0.0000   0.0000   P
   5 O   136.0050   0.0000   0.0000   O
   6 O   270.5100   0.0000   0.0000   O
   7 O   405.0150   0.0000   0.0000   O
   8 O   539.5200   0.0000   0.0000   O
   9 O   674.0250   0.0000   0.0000   O
  10 O   808.5300   0.0000   0.0000   O
  11 O   943.0350   0.0000   0.0000   O
  12 O   1077.5400   0.0000   0.0000   O
  13 O   1212.0450   0.0000   0.0000   O
  14 O   1346.5500   0.0000   0.0000   O
  15 O   1481.0550   0.0000   0.0000   O
  16 O   1615.5600   0.0000   0.0000   O
  17 O   1750.0650   0.0000   0.0000   O
  18 O   1884.5700   0.0000   0.0000   O
  19 O   2019.0750   0.0000   0.0000   O
  20 O   2153.5800   0.0000   0.0000   O
  21 O   2288.0850   0.0000   0.0000   O
  22 O   2422.5900   0.0000   0.0000   O
  23 O   2557.0950   0.0000   0.0000   O
  24 O   2691.6000   0.0000   0.0000   O
  25 O   2826.1050   0.0000   0.0000   O
  26 O   2960.6100   0.0000   0.0000   O
  27 O   3095.1150   0.0000   0.0000   O
  28 O   3229.6200   0.0000   0.0000   O
  29 O   3364.1250   0.0000   0.0000   O
  30 O   3498.6300   0.0000   0.0000   O
  31 O   3633.1350   0.0000   0.0000   O
  32 O   3767.6400   0.0000   0.0000   O
  33 O   3902.1450   0.0000   0.0000   O
  34 O   4036.6500   0.0000   0.0000   O
  35 O   4171.1550   0.0000   0.0000   O
  36 O   4305.6600   0.0000   0.0000   O
  37 O   4440.1650   0.0000   0.0000   O
  38 O   4574.6700   0.0000   0.0000   O
  39 O   4709.1750   0.0000   0.0000   O
  40 O   4843.6800   0.0000   0.0000   O
  41 O   4978.1850   0.0000   0.0000   O
  42 O   5112.6900   0.0000   0.0000   O
  43 O   5247.1950   0.0000   0.0000   O
  44 O   5381.7000   0.0000   0.0000   O
  45 O   5516.2050   0.0000   0.0000   O
  46 O   5650.7100   0.0000   0.0000   O
  47 O   5785.2150   0.0000   0.0000   O
  48 O   5919.7200   0.0000   0.0000   O
  49 O   6054.2250   0.0000   0.0000   O
  50 O   6188.7300   0.0000   0.0000   O
  51 O   6323.2350   0.0000   0.0000   O
  52 O   6457.7400   0.0000   0.0000   O
  53 O   6592.2450   0.0000   0.0000   O
  54 O   6726.7500   0.0000   0.0000   O
  55 O   6861.2550   0.0000   0.0000   O
  56 O   6995.7600   0.0000   0.0000   O
  57 O   7130.2650   0.0000   0.0000   O
  58 O   7264.7700   0.0000   0.0000   O
  59 O   7399.2750   0.0000   0.0000   O
  60 O   7533.7800   0.0000   0.0000   O
  61 O   7668.2850   0.0000   0.0000   O
  62 O   7802.7900   0.0000   0.0000   O
  63 O   7937.2950   0.0000   0.0000   O
  64 O   8071.8000   0.0000   0.0000   O
  65 O   8206.3050   0.0000   0.0000   O
  66 O   8340.8100   0.0000   0.0000   O
  67 O   8475.3150   0.0000   0.0000   O
  68 O   8609.8200   0.0000   0.0000   O
  69 O   8744.3250   0.0000   0.0000   O
  70 O   8878.8300   0.0000   0.0000   O
  71 O   9013.3350   0.0000   0.0000   O
  72 O   9147.8400   0.0000   0.0000   O
  73 O   9282.3450   0.0000   0.0000   O
  74 O   9416.8500   0.0000   0.0000   O
  75 O   9551.3550   0.0000   0.0000   O
  76 O   9685.8600   0.0000   0.0000   O
  77 O   9820.3650   0.0000   0.0000   O
  78 O   9954.8700   0.0000   0.0000   O
  79 O   10089.3750   0.0000   0.0000   O
  80 O   10223.8800   0.0000   0.0000   O
  81 O   10358.3850   0.0000   0.0000   O
  82 O   10492.8900   0.0000   0.0000   O
  83 O   10627.3950   0.0000   0.0000   O
  84 O   10761.9000   0.0000   0.0000   O
  85 O   10896.4050   0.0000   0.0000   O
  86 O   11030.9100   0.0000   0.0000   O
  87 O   11165.4150   0.0000   0.0000   O
  88 O   11299.9200   0.0000   0.0000   O
  89 O   11434.4250   0.0000   0.0000   O
  90 O   11568.9300   0.0000   0.0000   O
  91 O   11703.4350   0.0000   0.0000   O
  92 O   11837.9400   0.0000   0.0000   O
  93 O   11972.4450   0.0000   0.0000   O

@<TRIPOS>BOND
   1   1   2   1
   2   2   5   1
   3   3   4   1
   4   4  93   1
   5   5   6   1
   6   6   7   1
   7   7   8   1
   8   8   9   1
   9   9  10   1
  10  10  11   1
  11  11  12   1
  12  12  13   1
  13  13  14   1
  14  14  15   1
  15  15  16   1
  16  16  17   1
  17  17  18   1
  18  18  19   1
  19  19  20   1
  20  20  21   1
  21  21  22   1
  22  22  23   1
  23  23  24   1
  24  24  25   1
  25  25  26   1
  26  26  27   1
  27  27  28   1
  28  28  29   1
  29  29  30   1
  30  30  31   1
  31  31  32   1
  32  32  33   1
  33  33  34   1
  34  34  35   1
  35  35  36   1
  36  36  37   1
  37  37  38   1
  38  38  39   1
  39  39  40   1
  40  40  41   1
  41  41  42   1
  42  42  43   1
  43  43  44   1
  44  44  45   1
  45  45  46   1
  46  46  47   1
  47  47  48   1
  48  48  49   1
  49  49  50   1
  50  50  51   1
  51  51  52   1
  52  52  53   1
  53  53  54   1
  54  54  55   1
  55  55  56   1
  56  56  57   1
  57  57  58   1
  58  58  59   1
  59  59  60   1
  60  60  61   1
  61  61  62   1
  62  62  63   1
  63  63  64   1
  64  64  65   1
  65  65  66   1
  66  66  67   1
  67  67  68   1
  68  68  69   1
  69  69  70   1
  70  70  71   1
  71  71  72   1
  72  72  73   1
  73  73  74   1
  74  74  75   1
  75  75  76   1
  76  76  77   1
  77  77  78   1
  78  78  79   1
  79  79  80   1
  80  80  81   1
  81  81  82   1
  82  82  83   1
  83  83  84   1
  84  84  85   1
  85  85  86   1
  86  86  87   1
  87  87  88   1
  88  88  89   1
  89  89  90   1
  90  90  91   1
  91  91  92   1
  92  92  93   1
